292565
292564
292562
292560
292557
292556
292554
292492
292489
292487
292484
292434
292432
292425
292422
292417
292405
292380
292375
292374
292372
292335
292311
292309
292307
292303
292302
292272
292270
292252
292188
292187
292183
292182
292150
292147
292137
292135
292133
292086
292085
292082
292080
292076
292048
292035
292027
292025
291975
291970
291925
291920
291918
291869
291855
291854
291856
291849
291806
291802
291801
291756
291755
291715
291703
291696
291626
291624
291618
291592
291591
291589
291586
291580
291578
291510
291509
291506
291467
291466
291465
291462
291457
291456
291434
291435
291421
291419
291386
291381
291379
291377
291376
291328
291323
291319
291317
291275
291273
291207
291204
291202
291200
291194
291193
291171
291164
291160
291163
291161
291159
291154
291121
291114
291112
291104
291102
291068
291067
291059
291051
291049
291012
291000
290969
290967
290909
290887
290852
290845
290839
290838
290827
290816
290810
290805
290803
290774
290765
290759
290726
290702
290691
290655
290650
290617
290604
290601
290559
290553
290526
290519
290518
290493
290478
290451
290446
290417
290393
290391
290386
290385
290369
290357
290349
290348
290340
290308
290243
290235
290232
290207
290160
290147
290083
290063
290052
290035
290033
289978
289949
289908
289904
289893
289782
289769
289768
289760
289736
289733
289700
289679
289619
289606
289604
289603
289564
289552
289551
289475
289438
289406
289341
289340
289267
289261
289252
289250
289180
289176
289174
289135
289048
288959
288940
288937
288925
288920
288835
288834
288731
288691
288678
288443
288428
288408
288339
288305
288254
288243
288241
288225
288224
288193
288138
288130
288129
288127
288122
288079
288078
288074
288072
288050
288015
287976
287940
287922
287905
287904
287902
287877
287869
287836
287811
287794
287747
287746
287736
287716
287696
287690
287659
287634
287630
287599
287561
287503
287427
287393
287345
287339
287321
287304
287247
287234
287229
287195
287161
287138
287121
287117
287026
286995
286970
286935
286877
286861
286846
286842
286839
286796
286794
286778
286760
286754
286724
286690
286688
286686
286623
286611
286600
286599
286593
286570
286540
286500
286474
286433
286400
286393
286359
286344
286343
286303
286279
286280
286242
286232
286200
286173
286171
286136
286062
286060
286010
285960
285893
285873
285816
285812
285732
285675
285669
285662
285609
285573
285556
285541
285496
285451
285450
285358
285357
285224
285200
285197
285173
285168
285134
285125
285118
285079
285024
285021
285019
285016
284984
284975
284912
284879
284869
284868
284840
284822
284789
284785
284778
284744
284715
284704
284658
284655
284609
284576
284541
284539
284527
284466
284463
284460
284427
284425
284415
284399
284366
284357
284356
284353
284299
284295
284277
284268
284218
284191
284119
284093
284083
284045
283930
283912
283895
283887
283855
283745
283720
283717
283703
283654
283652
283651
283636
283607
283573
283520
283517
283507
283457
283446
283409
283369
283313
283309
283307
283304
283301
283303
283302
283289
283234
283233
283232
283190
283189
283188
283184
283185
283141
283110
283048
283045
283016
283010
283006
281974
281942
281896
281841
281811
281743
281715
281708
281660
281638
281550
281548
281498
281463
281431
281429
281424
281403
281394
281340
281335
281312
281305
281301
281299
281298
281256
281255
281248
281204
281140
281002
280920
280910
280878
280873
280813
280787
280772
280719
280721
280718
280716
280468
279035
279024
278670
278653
278554
278483
278481
278471
278439
278438
278432
278431
278414
278389
278374
278372
278371
278362
278361
278358
278335
278333
278309
278310
278307
278306
278302
278301
278267
278263
278243
278246
278235
278227
278225
278201
278200
278197
278156
278154
278153
278126
278125
278118
278115
278084
278080
278070
278067
278041
278031
278027
278022
278020
278019
278017
278016
278009
277977
277976
277975
277973
277970
277966
277961
277959
277925
277920
277919
277918
277916
277909
277908
277856
277855
277853
277850
277849
277848
277847
277846
277844
277842
277803
277799
277798
277797
277795
277794
277787
277785
277783
277781
277773
277772
277765
277717
277710
277702
277692
277689
277686
277684
277682
277650
277643
277632
277631
277628
277626
277625
277623
277622
277594
277593
277588
277587
277586
277585
277581
277580
277579
277575
277573
277514
277513
277512
277511
277508
277507
277503
277498
277496
277495
277494
277489
277488
277486
277431
277430
277428
277427
277426
277425
277424
277422
277420
277419
277418
277417
277416
277396
277395
277391
277389
277388
277387
277384
277382
277381
277379
277346
277304
277303
277294
277290
277287
277285
277286
277283
277255
277252
277251
277246
277245
277243
277241
277240
277217
277204
277196
277195
277191
277186
277185
277184
277164
277146
277141
277140
277139
277136
277134
277105
277098
277096
277093
277092
277091
277090
277057
277054
277053
277052
277044
277043
277041
277032
277014
277013
277012
277011
277004
277003
277001
276999
277000
276998
276992
276971
276965
276960
276959
276958
276956
276957
276954
276953
276952
276951
276949
276919
276913
276911
276910
276909
276908
276906
276903
276901
276900
276870
276869
276839
276838
276837
276836
276834
276833
276831
276830
276828
276827
276826
276825
276822
276783
276779
276774
276773
276771
276768
276769
276767
276766
276736
276732
276731
276728
276726
276722
276720
276718
276717
276716
276714
276713
276677
276676
276675
276673
276668
276665
276662
276659
276657
276614
276609
276606
276601
276600
276558
276555
276554
276553
276552
276549
276548
276547
276509
276508
276507
276504
276501
276499
276496
276498
276495
276470
276462
276454
276452
276451
276450
276449
276442
276441
276412
276413
276403
276401
276400
276383
276373
276372
276371
276370
276368
276364
276365
276363
276351
276350
276348
276347
276346
276345
276341
276340
276334
276332
276331
276311
276309
276310
276291
276287
276286
276283
276284
276279
276276
276275
276274
276217
276216
276215
276213
276210
276207
276206
276183
276182
276174
276173
276172
276151
276150
276142
276140
276138
276135
276133
276131
276129
276126
276124
276082
276073
276072
276070
276033
276032
276030
276028
276026
276025
276022
276021
275990
275988
275987
275982
275979
275974
275973
275972
275970
275967
275918
275916
275915
275913
275911
275909
275877
275868
275865
275864
275863
275862
275859
275856
275836
275827
275823
275822
275814
275803
275784
275783
275781
275780
275767
275766
275765
275764
275721
275720
275718
275712
275711
275708
275706
275707
275705
275674
275673
275667
275666
275665
275664
275662
275663
275661
275659
274614
274613
274612
274608
274604
274603
274586
274569
274565
274561
274552
274549
274548
274547
274546
274545
274543
274501
274499
274493
274488
274489
274486
274485
274483
274482
274451
274442
274441
274439
274438
274435
274434
274431
274427
274428
274391
274382
274381
274380
274377
274372
274368
274367
274362
274361
274357
274316
274309
274308
274307
274306
274304
274301
274300
274296
274297
274226
274224
274223
274222
274221
274220
274219
274218
274217
274216
274215
274189
274188
274185
274184
274178
274177
274174
274172
274137
274136
274135
274130
274125
274124
274122
274121
274120
274119
274117
274118
274113
274112
274105
274088
274077
274075
274074
274069
274067
274066
274063
274058
274054
274016
274014
274012
274011
274010
274009
274008
274007
274005
274003
273969
273965
273963
273960
273956
273955
273954
273950
273946
273942
273892
273890
273889
273888
273887
273886
273885
273883
273881
273856
273854
273852
273844
273842
273839
273838
273832
273827
273825
273824
273823
273783
273781
273776
273773
273770
273766
273764
273763
273761
273723
273721
273718
273714
273712
273711
273709
273703
273701
273700
273625
273620
273621
273619
273616
273615
273614
273534
273532
273530
273528
273525
273524
273523
273522
273502
273490
273489
273485
273482
273474
273471
273470
273434
273432
273428
273426
273421
273419
273418
273392
273384
273383
273382
273381
273380
273379
273369
273323
273319
273318
273316
273312
273310
273311
273303
273249
273248
273246
273245
273244
273243
273237
273234
273233
273232
273231
273230
273228
273212
273211
273170
273163
273164
273162
273159
273157
273151
273070
273061
273049
273048
273038
272947
272946
272945
272940
272934
272933
272928
272925
272882
272873
272872
272871
272862
272861
272859
272793
272792
272785
272783
272779
272778
272776
272773
272767
272724
272722
272717
272716
272713
272712
272710
272646
272641
272639
272588
272586
272584
272583
272581
272578
272545
272534
272531
272529
272528
272525
272521
272520
272514
272454
272453
272447
272446
272404
272405
272396
272390
272387
272384
272381
272346
272328
272324
272322
272321
272318
272319
272273
272243
272242
272234
272235
272200
272197
272167
272157
272148
272134
272127
272118
272117
272116
272108
272086
272076
272073
272074
272069
272062
272057
272055
272049
272033
272015
272011
272007
272001
271998
271997
271938
271936
271933
271930
271928
271901
271896
271895
271893
271836
271833
271826
271772
271757
271756
271733
271727
271717
271716
271646
271643
271639
271628
271627
271622
271618
271614
271610
271611
271598
271535
271534
271514
271507
271503
271401
271400
271399
271395
271389
271388
271385
271330
271302
271293
271273
271189
271203
271174
271175
271169
271157
271152
271049
271045
271038
271035
271031
271028
271026
271024
270952
270953
270954
270948
270945
270944
270923
270922
270834
270843
270816
270804
270727
270724
270723
270721
270715
270714
270713
270710
270677
270674
270668
270664
270662
270659
270617
270615
270609
270549
270548
270543
270540
270536
270503
270497
270489
270487
270484
270481
270451
270450
270442
270440
270437
270435
270389
270385
270378
270347
270346
270341
270303
270298
270297
270292
270291
270251
270249
270246
270242
270241
270214
270211
270208
270204
270203
270172
270171
270170
270168
270167
270162
270161
270114
270112
270109
270108
270107
270070
270063
270062
270059
270044
270033
270029
270025
270017
269966
269963
269959
269952
269905
269904
269901
269885
269884
269879
269830
269827
269824
269754
269752
269750
269748
269742
269721
269717
269715
269712
269706
269703
269671
269667
269668
269662
269660
269653
269651
269648
269611
269610
269609
269599
269596
269587
269541
269538
269534
269533
269521
269519
269482
269480
269478
269455
269450
269413
269412
269380
269379
269378
269377
269376
269374
269373
269372
269370
269326
269322
269317
269300
269295
269262
269259
269258
269256
269253
269252
269244
269241
269237
269226
269203
269197
269195
269188
269189
269182
269181
269180
269148
269142
269141
269140
269134
269133
269118
269107
269105
269104
269102
269101
269100
269098
269097
269096
269094
269064
269050
269029
269023
269022
268993
268992
268990
268989
268986
268985
268983
268979
268978
268974
268973
268942
268934
268928
268931
268930
268929
268918
268916
268914
268907
268874
268872
268871
268870
268865
268861
268860
268859
268838
268832
268829
268828
268827
268825
268821
268819
268818
268817
268794
268791
268790
268789
268788
268782
268781
268780
268777
268775
268749
268748
268732
268728
268727
268725
268722
268723
268720
268678
268674
268677
268675
268668
268667
268634
268633
268627
268626
268621
268619
268616
268613
268611
268568
268567
268563
268556
268552
268549
268545
268543
268539
268534
268532
268519
268512
268510
268508
268507
268503
268500
268496
268494
268491
268493
268492
268490
268488
268485
268454
268453
268452
268451
268450
268449
268448
268444
268339
268337
268330
268287
268282
268273
268272
268270
268268
268267
268265
268230
268227
268224
268223
268222
268183
268172
268169
268162
268161
268152
268153
268146
268140
268106
268105
268099
268098
268097
268096
268095
268094
268093
268090
268091
268053
268031
268029
268028
268027
268023
268022
268021
268019
268018
268017
267988
267985
267977
267974
267975
267973
267971
267972
267970
267962
267942
267932
267931
267926
267920
267916
267915
267914
267913
267911
267908
267882
267880
267875
267874
267871
267867
267866
267865
267862
267858
267859
267857
267856
267853
267847
267850
267827
267824
267823
267822
267820
267807
267815
267814
267813
267812
267809
267802
267779
267774
267773
267771
267765
267761
267757
267756
267755
267712
267710
267708
267707
267705
267703
267702
267698
267697
267696
267695
267694
267693
267687
267688
267686
267655
267654
267652
267650
267649
267646
267641
267637
267635
267631
267630
267628
267627
267623
267588
267587
267581
267579
267576
267575
267572
267566
267565
267564
267533
267532
267530
267527
267526
267523
267520
267519
267518
267516
267515
267464
267463
267451
267448
267449
267447
267446
267445
267443
267422
267400
267398
267395
267389
267388
267387
267385
267386
267384
267382
267380
267375
267357
267309
267306
267304
267303
267302
267301
267299
267298
267297
267238
267236
267233
267232
267230
267229
267227
267226
267221
267187
267185
267184
267183
267180
267177
267178
267176
267175
267172
267170
267169
267166
267164
267163
267129
267128
267125
267118
267117
267116
267115
267110
267109
267108
267107
267106
267102
267103
267059
267058
267057
267056
267047
267046
267045
267041
267038
267036
267013
267009
267008
267005
267000
266998
266993
266989
266988
266983
266927
266928
266923
266922
266863
266843
266832
266827
266819
266815
266790
266783
266782
266781
266780
266777
266767
266765
266763
266732
266731
266725
266722
266720
266717
266715
266678
266667
266668
266665
266663
266662
266659
266651
266650
266649
266647
266588
266587
266586
266584
266583
266578
266576
266574
266571
266540
266533
266532
266531
266526
266522
266521
266517
266514
266478
266477
266472
266471
266468
266467
266466
266465
266464
266462
266461
266417
266416
266406
266411
266409
266404
266402
266362
266361
266356
266354
266352
266339
266308
266295
266293
266291
266290
266286
266283
266281
266279
266278
266259
266242
266231
266229
266225
266224
266223
266222
266221
266219
266218
266217
266215
266213
266212
266208
266177
266175
266171
266166
266162
266163
266156
266155
266125
266121
266117
266116
266115
266113
266112
266108
266107
266103
266101
266099
266098
266096
266068
266064
266062
266061
266056
266055
266054
266052
266050
266049
266047
266046
266045
266043
266016
266015
266009
266008
266003
266001
265999
265996
265993
265991
265989
265984
265982
265974
265972
265923
265920
265919
265917
265915
265916
265905
265860
265856
265843
265842
265840
265837
265836
265834
265833
265832
265830
265829
265828
265827
265825
265826
265824
265823
265821
265793
265790
265780
265773
265770
265769
265764
265763
265758
265757
264725
264721
264717
264716
264702
264698
264697
264696
264693
264665
264661
264650
264646
264645
264643
264639
264638
264637
264608
264586
264581
264579
264576
264573
264572
264570
264560
264556
264555
264554
264518
264508
264507
264506
264503
264501
264500
264498
264496
264494
264491
264490
264488
264456
264430
264427
264423
264421
264419
264417
264384
264381
264379
264375
264376
264374
264370
264369
264368
264334
264330
264324
264323
264319
264317
264315
264312
264311
264310
264309
264305
264262
264261
264258
264256
264250
264246
264245
264242
264240
264237
264236
264235
264211
264210
264208
264207
264203
264202
264200
264199
264197
264196
264194
264156
264148
264149
264146
264144
264143
264092
264081
264083
264079
264078
264077
264075
264074
264073
264072
264016
263970
263967
263966
263954
263953
263887
263883
263874
263873
263871
263822
263821
263820
263815
263814
263811
263809
263770
263761
263758
263730
263698
263643
263639
263630
263613
263587
263586
263582
263580
263577
263554
263532
263520
263515
263490
263474
263415
263408
263407
263404
263403
262316
262315
262282
262269
262262
262224
262196
262186
262182
262125
262124
262120
262119
262117
262107
262105
262049
262047
262045
262043
262030
262029
261974
261969
261957
261953
261950
261949
261948
261947
261946
261941
261939
261897
261853
261852
261847
261848
261845
261844
261839
261768
261767
261763
261762
261759
261723
261717
261712
261711
261710
261706
261704
261694
261654
261643
261642
261631
261627
261625
261626
261624
261621
261576
261573
261569
261567
261566
261563
261562
261561
261552
261545
261477
261472
261473
261465
261463
261462
261461
261460
261459
261457
261455
261456
261446
261441
261382
261381
261379
261380
261378
261377
261375
261371
261366
261297
261296
261295
261294
261290
261288
261287
261281
261239
261233
261230
261228
261227
261224
261223
261204
261167
261165
261158
261153
261115
261106
261102
261101
261099
261093
261064
261044
261035
261034
260937
260876
260872
260871
260818
260810
260807
260803
260793
260735
260733
260721
260720
260718
260717
260715
260713
260662
260656
260654
260648
260642
260637
260635
260634
260577
260570
260569
260561
260563
260494
260480
260473
260471
260467
260413
260408
260403
260390
260387
260380
260336
260331
260327
260314
260260
260259
260258
260257
260251
260250
260244
260242
260241
260194
260196
260193
260185
260180
260171
260116
260112
260108
260105
260100
260099
260015
260014
260009
260006
260003
259971
259969
259956
259959
259953
259947
259906
259903
259896
259895
259890
259885
259884
259853
259852
259839
259840
259838
259761
259756
259742
259741
259739
259738
259734
259730
259685
259682
259681
259678
259676
259675
259671
259670
259636
259572
259569
259568
259559
259557
259555
259548
259547
259546
259544
259495
259492
259489
259482
259480
259479
259425
259417
259412
259411
259409
259399
259395
259386
259334
259332
259327
259313
259303
259300
259297
259296
259295
259291
259287
259204
259198
259188
259138
259109
259104
259102
259098
259096
259013
259004
258999
258995
258994
258955
258954
258951
258946
258947
258945
258942
258888
258884
258883
258882
258879
258878
258840
258837
258830
258828
258826
258821
258772
258769
258767
258763
258762
258754
258753
258748
258747
258725
258696
258694
258693
258691
258690
258657
258620
258618
258616
258575
258572
258570
258558
258556
258551
258501
258502
258498
258497
258496
258495
258494
258491
258459
258458
258457
258454
258450
258449
258444
258443
258442
258441
258437
258427
258425
258424
258423
258422
258419
258415
258414
258412
258411
258410
258409
258408
258407
258405
258399
258398
258397
258396
258395
258394
258393
258388
258387
258384
258379
258377
258375
258372
258370
258362
258361
258360
258353
258346
258344
258341
258339
258331
258327
258326
258324
258308
258305
258302
258301
258299
258297
258295
258294
258293
258292
258291
258290
258289
258288
258287
258286
258285
258283
258282
258278
258276
258275
258274
258272
258267
258266
258263
258262
258261
258257
258256
258253
258252
258247
258246
258243
258242
258238
258211
258208
258205
258202
258199
258196
258194
258192
258193
258191
258148
258141
258130
258125
258124
258121
258114
258109
258106
258105
258104
258101
258099
258096
258093
258088
258087
258076
258067
258063
258061
258060
258051
258053
258042
258031
258030
258028
258027
258026
258025
258021
258023
258018
258013
258011
258010
258009
258008
258007
258005
258004
258003
258002
258000
257999
257998
257995
257993
257992
257991
257985
257983
257980
257976
257961
257959
257955
257950
257949
257947
257946
257945
257936
257937
257934
257931
257922
257921
257916
257899
257894
257890
257887
257873
257872
257871
257867
257863
257858
257853
257850
257848
257847
257845
257846
257844
257843
257842
257841
257840
257819
257818
257813
257812
257804
257789
257788
257785
257782
257781
257779
257764
257756
257751
257735
257725
257726
257723
257707
257701
257700
257696
257698
257680
257671
257675
257674
257669
257668
257666
257659
257660
257662
257637
257633
257628
257625
257623
257618
257617
257616
257609
257596
257594
257591
257590
257570
257569
257566
257567
257533
257529
257512
257510
257507
257500
257497
257495
257494
257493
257492
257491
257487
257486
257463
257461
257460
257439
257438
257437
257428
257416
257412
257411
257410
257409
257401
257380
257378
257374
257373
257370
257369
257368
257365
257364
257362
257348
257346
257334
257332
257331
257330
257320
257314
257307
257305
257301
257288
257287
257279
257276
257265
257260
257254
257236
257235
257233
257222
257219
257201
257195
257193
257190
257187
257184
257185
257170
257163
257162
257158
257157
257152
257124
257123
257118
257117
257116
257112
257056
257053
257051
257050
257049
257046
257044
257008
257007
257006
257003
256992
256991
256963
256916
256813
256808
256807
256802
256801
253715
256728
256726
256723
256645
256642
256640
256637
256588
256539
256538
256537
256486
256457
256444
256442
256330
256325
256262
256260
256259
256179
256178
256177
256139
256127
256099
256085
256082
256073
256072
256023
256018
256010
256006
255971
255962
255956
255955
255952
255951
255946
255945
255944
255900
255896
255897
255892
255887
255883
255879
255875
254792
254788
254787
254782
254772
254773
254768
254703
254698
254694
254688
254687
254645
254644
254642
254635
254630
254631
254620
254621
254572
254570
254569
254562
254552
254550
254549
254547
254545
254546
254537
254507
254503
254494
254481
254432
254421
254410
254406
254326
254309
254308
254306
254304
254303
254245
254241
254236
254165
254157
254156
254094
254084
254076
254074
253992
253991
253990
253976
253949
253929
253926
253919
253913
253911
253900
253888
253887
253868
253810
253804
253803
253802
253791
253736
253725
253724
253694
253693
253667
253636
253616
253613
253607
253598
253595
253571
253567
253565
253564
253563
253412
253399
253390
253389
253388
253354
253341
253338
253337
253335
253331
253328
253327
253273
253268
253267
253263
253258
253257
253255
253252
253251
253249
253215
253187
253186
253181
253180
253177
253178
253148
253142
253141
253139
253137
253136
253135
253081
253079
253078
253077
253070
253065
253063
253061
253062
253037
253032
253020
253015
253010
253009
253008
252998
252950
252946
252927
252926
252922
252921
252920
252880
252874
252869
252855
252853
252850
252819
252799
252784
252735
252724
252723
252722
252720
252718
252719
252715
252672
252666
252662
252659
252654
252653
252652
252651
252650
252649
252621
252616
252577
252564
252551
252541
252538
252513
252512
252489
252484
252478
252473
252472
252469
252464
252462
252426
252386
252373
252369
252353
252348
252347
252346
252345
252343
252342
252339
252307
252302
252283
252282
252281
252280
252278
252236
252208
252206
252203
252200
252199
252198
252150
252141
252138
252139
252137
252134
252130
252129
252078
252072
252071
252068
252065
252024
252019
252015
252009
252003
251975
251970
251966
251961
251956
251895
251894
251888
251882
251878
251879
251856
251854
251815
251808
251783
251782
251781
251780
251779
251709
251695
251692
251689
251685
251675
251620
251613
251612
251609
251598
251592
251591
251543
251526
251520
251518
251514
251515
251460
251459
251456
251455
251448
251449
251446
251444
251443
251388
251364
251363
251359
251358
251349
251348
251328
251314
251311
251274
251258
251256
251255
251253
251250
251249
251248
251247
251209
251208
251198
251196
251153
251150
251148
251146
251133
251131
251130
251082
251053
251050
251039
251021
251016
251014
250940
250937
250932
250931
250883
250878
250877
250868
250864
250861
250828
250789
250783
250782
250775
250771
250723
250716
250712
250714
250709
250705
250663
250662
250660
250658
250654
250653
250649
250635
250608
250606
250600
250598
250597
250590
250585
250532
250523
250522
250489
250478
250475
250474
250462
250459
250451
250452
250449
250448
250447
250392
250387
250385
250384
250382
250380
250377
250379
250376
250375
250320
250321
250310
250309
250308
250305
250250
250249
250245
250243
250241
250235
250233
250231
250225
250203
250168
250162
250159
250156
250150
250149
250148
250146
250147
250145
250144
250143
250075
250072
250071
250066
250060
250056
249949
249945
249942
249941
249939
249937
249915
249880
249879
249878
249877
249876
249873
249874
249870
249869
249868
249867
249866
249855
249824
249821
249820
249818
249816
249777
249774
249772
249771
249768
249767
249765
249764
249762
249760
249759
249758
249756
249712
249705
249703
249702
249700
249698
249695
248668
248665
248663
248660
248661
248657
248656
248652
248650
248651
248612
248609
248608
248605
248604
248603
248601
248599
248598
248552
248534
248533
248532
248531
248528
248509
248466
248459
248452
248451
248449
248415
248407
248401
248398
248397
248372
248366
248365
248361
248360
248348
248347
248345
248342
248341
248337
248336
248328
248327
248323
248321
248305
248306
248247
248234
248233
248199
248191
248192
248157
248151
248145
248144
248143
248104
248092
248089
248087
248083
248081
248079
248077
248029
248028
248027
248026
248024
247984
247973
247972
247971
247963
247962
247961
247893
247881
247879
247878
247874
247876
247873
247828
247822
247812
247810
247765
247764
247763
247762
247761
247754
247753
247752
247701
247693
247687
247685
247636
247633
247632
247626
247625
247622
247593
247587
247585
247542
247532
247530
247529
247527
247486
247484
247478
247443
247440
247433
247434
247432
247390
247388
247382
247381
247379
247376
247334
247332
247278
247277
247275
247272
247273
247215
247216
247213
247214
247211
247177
247175
247171
247164
247118
247107
247102
247068
247067
247061
247060
247059
247058
247056
247055
247054
247027
247026
247023
247019
247018
247014
247011
247012
247013
247009
246978
245083
246972
246971
246965
246954
246955
246949
246950
246948
246947
246918
246889
246885
246884
246880
246879
246875
246874
246859
246852
246838
246836
246835
246784
246783
246782
246781
246736
246722
246712
246709
246653
246652
246651
246649
246646
246588
246586
246502
246499
246497
246494
246492
246471
246465
246464
246463
246428
246427
246424
246423
246385
246380
246272
246271
246270
246215
246213
246212
246211
246154
246114
246111
246110
246069
246060
246051
246052
246053
246000
245998
245956
245950
245947
245939
245934
245834
245827
245767
245754
245710
245708
245690
245692
245687
245681
245607
245522
245410
245387
245365
245350
245344
245339
245237
245215
245197
245180
245097
245075
245074
245070
245039
245008
244997
244996
244993
244940
244936
244922
244895
244883
244820
244818
244775
244753
244752
244750
244721
244709
244706
244690
244688
244637
244627
244626
244623
244593
244582
244578
244577
244571
244570
244569
244510
244495
244492
244491
244490
244430
244431
244429
244425
244381
244364
244359
244357
244354
244304
244301
244300
244257
244228
244215
244209
244207
244202
244201
244165
244159
244158
244157
244156
244155
244122
244114
244113
244112
244067
244066
244043
244021
243998
243997
243996
243957
243952
243944
243940
243939
243934
243888
243884
243881
243880
243850
243831
243826
243824
243822
243821
243758
243772
243766
243767
243765
243764
243762
243724
243725
243723
243722
243718
243664
243658
243635
243628
243627
243625
243624
243599
243572
243569
243564
243562
243563
243561
243560
243520
243518
243516
243515
243511
243497
243446
243444
243442
243440
243380
243379
243374
243373
243316
243315
243314
243312
243308
243253
243252
243251
243249
243208
243207
243190
243184
243183
243181
243130
243128
243120
243118
243117
243114
243101
243096
243090
243079
243075
243069
243067
242974
242948
242920
242915
242908
242906
242905
242904
242903
242902
242851
242850
242848
242847
242845
242799
242798
242797
242796
242758
242752
242748
242746
242744
242743
242696
242693
242692
242690
242689
242688
242687
242659
242653
242646
242642
242641
242638
242634
242633
242629
242626
242625
242623
242597
242554
242552
242551
242550
242546
242543
242537
242510
242509
242508
242507
242503
242501
242500
242498
242478
242476
242474
242473
242471
242472
242468
242465
242464
242463
242462
242461
242429
242428
242424
242422
242421
242417
242416
242414
242400
242398
242387
242384
242383
242380
242379
242378
242375
242373
242371
242357
242346
242343
242342
242341
242328
242327
242325
242308
242301
242300
242278
242273
242271
242272
242264
242261
242255
242254
242256
242253
242215
242212
242195
242194
242193
242192
242151
242142
242139
242138
242136
242135
242078
242076
242073
242033
242029
242026
242025
242018
242017
242015
242010
241955
241948
241946
241947
241929
241927
240892
240873
240874
240871
240825
240806
240805
240801
240746
240742
240545
240537
240517
240513
240512
240511
240510
240509
240465
240452
240451
240405
240402
240400
240398
240399
240397
240360
240350
240347
240337
240336
240338
240335
240281
240258
240257
240256
240255
240201
240197
240196
240194
240191
240163
240159
240156
240145
240144
240099
240094
240085
240083
240082
240069
240003
239916
239979
239973
239974
239895
239894
239891
239890
239889
239860
239856
239855
239854
239853
239851
239848
239850
239849
239844
239824
239808
239806
239805
239776
239744
239741
239739
239737
239683
239682
239676
239672
239671
239669
239664
239662
239660
239611
239610
239609
239608
239570
239561
239558
239554
239555
239551
239510
239489
239486
239440
239429
239428
239402
239377
239372
239370
239329
239320
239318
239314
239312
239311
239284
239278
239276
239273
239267
239266
239249
239219
239212
239206
239202
239199
239198
239197
239195
239175
239170
239166
239165
239164
239163
239162
239132
239117
239112
239111
239110
239109
239083
239078
239072
239068
239066
239067
239065
239053
239039
239033
239030
239028
239029
239027
239004
238998
238993
238984
238983
238981
238980
238978
238949
238962
238950
238945
238944
238879
238875
238877
238876
238874
238873
238856
238851
238845
238844
238843
238842
238830
238795
238791
238790
238788
238786
238787
238785
238756
238748
238747
238746
238719
238710
238706
238705
238704
238701
238700
238670
238660
238659
238658
238653
238616
238613
238608
238603
238601
238600
238557
238552
238551
238550
238549
238548
238532
238500
238486
238485
238484
238483
238432
238430
238427
238425
238423
238422
238361
238349
238348
238346
238345
238341
238343
238326
238304
238300
238293
238285
238283
238281
238282
238280
238252
238250
238248
238244
238241
238239
238238
238235
238234
238233
238232
238199
238191
238189
238186
238188
238168
238150
238149
238143
238142
238137
238120
238118
238115
238114
238111
238109
238108
238106
238103
238075
238072
238071
238070
238025
238022
238021
238020
238014
238012
238008
237945
237942
237937
237935
237929
237928
237913
237890
237880
237879
237878
237875
237872
237870
237869
237818
237816
237814
237813
237812
237810
237807
237805
237804
237802
237770
237753
237737
237739
237734
237733
237731
237729
237689
237688
237687
237679
237676
237675
237674
237622
237618
237616
237615
237612
237611
237607
237606
237601
237586
237553
237545
237546
237544
237517
237506
237499
237497
237496
237495
237492
237491
237463
237462
237452
237451
237417
237328
237304
237298
237215
237210
237208
237206
237184
237183
237179
237163
237162
237158
237157
237155
237153
237151
237098
237096
237093
237087
237085
237040
237031
237028
237024
237019
237016
237015
236978
236973
236971
236970
236969
236968
236966
236962
236920
236916
236915
236913
236912
236907
236906
236905
236904
236897
236860
236851
236843
236842
236841
236839
236835
236833
236801
236799
236791
236790
236789
236786
236784
236739
236737
236735
236734
236732
236730
236726
236724
236665
236664
236660
236613
236612
236609
236595
236551
236542
236538
236535
236536
236483
236479
236478
236477
236461
236451
236447
236446
236445
236438
236439
236437
236399
236398
236389
236387
236386
236341
236339
236338
235290
235288
235286
235232
235231
235229
235228
235222
235176
235175
235173
235171
235136
235135
235112
235109
235107
235106
235104
235103
235075
235071
235067
235066
235065
235063
235022
235008
235007
235006
235005
234931
234928
234925
234924
234923
234878
234876
234874
234873
234872
234871
234870
234830
234789
234827
234826
234825
234822
234821
234820
234793
234739
234738
234737
234735
234736
234734
234674
234672
234670
234669
234668
234666
234665
234605
234603
234597
234594
234593
234590
234563
234560
234558
234554
234555
234553
234551
234509
234505
234486
234483
234436
234435
234427
234426
234363
234362
234359
234358
234334
234333
234327
234326
234325
234323
234322
234282
234265
234264
234263
234224
234217
234208
234202
234200
234198
234124
234123
234101
234082
234076
234075
234073
234072
234045
234014
234012
234011
233957
233956
233955
233954
233905
233904
233865
233866
233863
233816
233815
233780
233773
233774
233772
233739
233722
233714
233713
233688
233682
233677
233639
233636
233633
233628
233603
233601
233599
233598
233558
233554
233546
233547
233544
233500
233497
233495
233493
233492
232433
232410
232403
232358
232354
232355
232353
232284
232282
232260
232235
232232
232206
232205
232200
232198
232149
232148
232147
232145
232110
232108
232102
232099
232054
232038
232030
232031
231991
231982
231974
231967
231966
231924
231908
231906
231904
231860
231854
231853
231849
231798
231796
231793
231721
231651
231649
231647
231586
231585
231519
231515
231461
231451
231384
231383
231380
231349
231320
231305
231298
231227
231219
231218
231211
231210
231158
231152
231145
231076
231075
231074
231033
231028
231030
231022
230950
230947
230884
230839
230836
230835
230767
230744
230669
230668
230611
230608
230605
230606
230517
230516
230446
230445
230448
230441
230371
230298
230283
230274
230271
230171
230170
230120
230103
229923
229816
229681
229650
229633
229512
229390
229332
229246
229213
229125
229117
229016
229011
228988
228863
228862
228851
228749
228636
228539
228474
228331
228185
227474
227163
227162
226833
226676
226570
226398
226292
225917
225690
225691
225551
225500
225126
224373
224053
223707
223683
223123
222898
222827
222214
221517
221449
221443
221273
220945
220059
219939
219872
219870
218400
218309
218136
217564
217453
216895
216889
216888
216729
216703
216704
216642
216387
216374
216202
216197
216194
216086
216060
215922
215770
215638
215194
214847
213640
213639
213274
213271
212955
211622
211134
210913
210735
210555
209692
209604
209442
208508
208322
207056
203312
202799
202412
202396
201860
201821
199779
199696
199695
199638
199321
198793
198543
198386
198366
198339
196847
196710
196538
196297
196267
194661
194471
194419
194407
194025
193809
193656
193628
193440
193024
192867
192732
192454
192452
192335
191965
191912
191853
191854
191862
191855
190324
189697
188328
188181
187929
187484
186963
186507
186460
185747
185746
185285
185284
184204
183121
183001
182766
182390
182393
182135
181768
181769
181767
181293
181093
180792
180152
179988
179377
179379
178998
178417
178232
177744
177146
176708
176358
176333
175229
175231
172276
171975
170019
169944
168771
165428
164138
158187
157433
156971
156966
156168
155108
148803
147956
147955
145640
145616
145502
145449
145362
145115
145013
142345
137957
137044
132781
131923
121704
121703
114915
110426
105739
56941
55232
50477
49046
48778
48065
48016
46541
42712
41367
41369
41153
24771
