42882286
42881839
42874358
42874240
42872626
42865839
42862550
42862481
42544956
42857634
42857066
42856405
42855153
42848494
42843923
42842372
42840859
42831805
42824634
42816183
42815924
42817112
42811498
42811483
42810231
42806872
42806752
42799419
42799030
42789682
42784999
42782766
42766821
42761011
42757787
42750394
42745590
42744870
42729646
42718773
42718794
42712261
42711800
42705910
42703777
42699614
42695497
42691326
42685074
42680886
42679604
42679432
42664087
42663990
42662572
42598554
42652933
42651823
42648878
42647115
42639937
42638785
42637333
42632566
42628709
42627708
42625757
42625666
42624937
42616830
42615130
42616062
42615137
42611411
42610084
42610426
42608561
42606775
42605452
23241535
42599815
42599102
42594750
42590396
42586148
42580136
42579705
42575354
42575024
42574733
42574032
42568693
42565453
42563747
42563061
42560983
42557833
42553513
42552152
42545838
42538915
42534984
42533865
42532655
42529143
42526325
42525024
42524974
42525290
42525100
42524918
42524854
42516377
42514104
42513681
42495724
42495647
42492817
42492550
42491844
42485180
42482995
42482634
42471468
42464931
42463195
42460415
42446913
42446193
42443007
42440442
42441117
42439921
42439271
42433044
42427107
42425068
42421540
42421201
42419406
42412629
42415325
42362245
42411777
42410166
42406544
42392309
42388050
42380265
42378971
42377771
42376879
42373629
42373137
42371565
42366204
42360009
42352145
42352219
42347413
42346889
42346424
42341565
42340176
42329448
42319582
42319312
42318920
42316559
42313763
42313329
42311590
42307707
42306124
42300396
42298150
42297156
42291602
42286254
42285093
42280655
42274363
42271229
42269872
42261576
42260255
42260099
42260331
42250629
42243472
42247086
42243149
42234499
42230250
42229862
42227975
42227683
42226986
42224625
42221366
42216794
42217075
42217377
42216021
42208175
42204681
42202797
42201288
42196980
42196609
42194441
42193096
42192679
42186555
42180486
42173790
42171754
42172154
42171228
42164063
42162279
42162418
42159711
42159248
42158999
42158811
42158433
42155218
42153449
42149410
42149168
42140549
42134795
42135151
42134639
42134336
42130410
42127679
42118427
42113667
42113727
42112175
42103929
42103568
42100327
42099956
42098708
42097122
42092399
42090224
42087539
42085829
42085587
42080142
42074931
42071319
42069932
42069708
42067798
42067309
42067131
42065675
42064399
42064313
42064165
42060050
42059421
42058966
42057251
42056997
42038951
42038596
42036631
42036662
42033376
42032260
42029315
42026037
42021393
42021436
42020024
42018831
42014827
42014926
42007130
41993993
41992971
41986456
41983497
41983490
41983210
41983318
41982328
41972841
41966884
41958799
41946519
41942615
41939428
41937856
41937659
41937604
41932760
41931130
41930643
41929491
41915861
41914334
41909251
41903257
41896397
41725688
41878843
41875994
41875622
41874381
41872360
41868423
41864362
41864107
41862594
41862703
41859880
41853111
41851241
41849989
41847098
41846868
41846163
41836211
41831387
41817754
41818611
41815566
41813678
41812647
41809042
41808962
41803981
41800845
41796018
41795556
41795214
41794369
41793961
41793823
41789537
41780317
41779496
41773524
41770638
41767953
41762361
41758144
41755041
41752203
41738552
41732956
41727362
41725981
41723817
41721597
41721109
41718913
41716337
41714417
41710916
41704536
41702748
41701361
41700151
41694665
41694500
41693657
41687770
41688562
41688582
41682418
41679258
41676478
41675613
41675559
41675216
41661411
41658301
41649657
41647726
41643429
41641060
41636679
41636820
41628700
41624055
41623622
41618270
41617240
41617382
41615340
41612765
41612720
41607394
41607129
41597697
41596849
41595617
41595147
41593005
41583719
41581399
41581229
41581202
41577441
41575662
41574604
41569944
41568738
41565394
41565345
41561341
41559607
41558247
41556118
41555726
41548129
41540718
41540683
41538632
41536635
41529547
41518046
41507395
41508748
41508110
41507927
41507666
41507556
41504384
41504309
41503867
41503727
41497462
41497008
41496807
41490437
41488440
41485531
41485646
41485697
41485738
41485574
41485447
41481860
41482163
41476889
41476739
41463198
41461123
41460188
41459902
41456905
41454307
41453399
41445555
41444559
41443203
41441148
41440269
41437778
41435601
41433008
41428825
41421876
41413031
41407890
41405585
41401964
41401755
41392276
41391133
41387695
41379408
41373742
41372406
41367771
41366342
41360264
41355782
41355366
41351224
41343720
41341430
41337837
41334625
41328547
41325702
41325625
41316664
41309741
41308581
41304297
41293942
41274125
41272917
41269487
41260187
41259103
41259161
41257374
41254256
41252753
41251295
41248778
41246489
41242601
41238648
41222531
41222225
41217499
41212033
41203801
41198371
41196200
41189456
41187498
41185815
41182622
41177222
41177293
41176726
41175195
41174470
41170308
41161954
41161887
41161167
41161065
41159480
41155775
41154438
41151568
41151364
41146515
41143277
41139866
41133869
41135198
41114305
41114337
41111979
41104421
41103398
41100521
41098887
41098006
41083732
41079079
41078776
41076766
41070468
41065576
41063810
41059391
41057540
41057073
41052612
41051209
41050526
41048941
41035834
41032270
41030893
41028962
41028162
41027563
41019070
41012856
41004405
40994984
40997550
40995909
40995808
40995039
40992330
40991556
40977281
40976012
40969809
40965893
40963405
40957899
40954537
40954474
40953484
40953175
40953232
40939329
40932791
40932668
40928590
40910560
40923606
40912521
40910924
40902715
40898522
40898374
40898185
40897568
40893748
40891813
40886297
40886245
40886057
40876546
40872613
40871058
40868936
40868064
40867591
40866501
40866313
40866482
40858303
40857350
40855927
40834831
40831912
40830126
40825049
40820348
40814190
40814204
40810679
40800768
40800223
40799600
40796390
40795449
40794270
40793351
40786133
40786106
40785364
40785120
40766451
40764808
40763709
40763780
40763544
40761274
40756076
40751478
40744071
40743524
40742443
40742267
40741844
40739908
40738815
40738732
40738572
40738325
40733005
40724072
40723295
40722438
40722408
40719253
40717491
40712844
40712536
40703555
40699121
40694092
40680695
40679754
40678968
40677725
40675409
40667863
40667706
40662180
40659410
40656432
40655317
40655235
40654375
40651390
40650156
40638974
40638651
40636886
40631158
40630337
40629971
40628553
40628492
40626276
40625823
40607413
40607477
40606046
40589233
40587503
40587398
40586453
40586094
40584658
40577897
40570235
40568437
40564959
40563083
40562054
40555540
40551011
40547757
40547518
40546322
40545618
40542904
40539769
40539793
40539423
40539417
40539391
40539358
40536379
40536338
40535337
40531897
40531683
40530653
40530578
40530075
40529035
40528186
40526171
40521791
40520641
40512459
40512499
40509905
40507788
40506514
40505777
40499964
40499116
40497217
40496619
40495426
40484164
40481462
40481469
40477838
40472181
40471600
40471544
40465474
40461818
40456193
40452624
40452671
40445721
40444601
40443656
40436247
40428272
40429120
40428464
40424764
40422466
40420312
40417679
40413747
40412624
40412240
40398102
40404370
40403110
40402897
40399119
40398627
40396719
40394429
40394214
40394025
40389656
40387497
40386518
40385371
40375805
40374887
40372672
40370713
40364290
40358761
40355850
40354459
40352482
40352688
40350241
40346192
40338411
40336088
40317590
40314353
40314459
40314352
40313133
40307874
40304456
40296192
40294368
40293046
40292470
40292262
40292230
40280550
40276239
40273826
40270609
40268443
40268308
40260730
40260133
40259498
40256410
40253286
40253182
40250575
40250347
40247509
40247437
40242146
40241058
40235444
40235092
40234499
40232129
40231226
40230651
40230153
40229559
40220640
40219922
40215332
40212726
40198976
40197755
40182018
40181452
40180377
40180212
40178922
40177773
40177698
40173383
40170108
40161160
40152577
40151388
40150548
40144718
40133389
40130951
40130768
40130507
40130399
40128124
40122245
40122270
40122269
40121599
40120361
40112137
40111591
40103703
40101407
40099193
40091522
40090961
40088758
40085761
40084609
40079749
40078609
40077585
40075531
40073682
40072364
40072618
40067438
40059924
40063028
40054753
40054169
40053982
40052969
40053008
40050602
40049245
40047021
40044664
40042476
40036221
40035462
40035160
40034467
40033704
40033877
40027430
40027287
40021948
40021013
40020525
40015337
40004596
40000395
39997718
39997689
39995232
39994948
39993007
39988877
39992484
39983763
39988439
39983337
39980232
39978609
39977978
39977906
39976168
39975368
39970905
39962532
39958156
39950918
39949975
39950208
39947107
39945654
39941998
39940846
39937988
39936216
39930932
39922769
39920603
39917991
39917869
39917190
39908615
39906006
39903171
39896860
39889614
39889555
39889197
39887420
39887833
39886732
39886582
39879366
39878713
39875079
39875093
39873374
39871341
39865836
39865042
39864986
39864576
39861050
39857479
39849125
39844955
39844803
39844760
39838611
39832795
39833008
39829812
39827989
39811413
39793011
39791381
39790288
39785093
39784429
39783934
39780902
39775137
39766934
39764919
39763979
39760083
39748292
39741222
39735169
39730915
39730388
39723777
39723508
39720064
39718919
39715297
39714858
39714971
39710520
39707333
39705308
39704074
39696847
39694899
39694219
39693171
39689907
39685918
39685686
39683969
39666490
39659689
39651808
39651960
39651836
39644533
39635050
39630740
39627190
39627246
39613983
39610830
39608206
39606330
39597034
39596565
39594725
39587087
39574804
39564833
39564208
39553256
39550913
39550220
39538559
39529411
39525580
39510818
39523253
39523342
39520615
39519317
39503367
39502214
39489720
39496198
39492512
39492410
39490479
39485776
39487343
39484027
39479376
39478464
39476042
39474342
39474418
39468865
39464713
39461740
39460178
39460128
39445673
39444348
39442660
39438330
39432566
39431137
39427354
39421274
39413366
39410151
39406725
39402254
39397014
39395113
39392949
39391222
39389555
39383679
39383300
39379485
39377682
39376657
39375848
39362002
39351057
39350541
39350438
39330615
39323340
39310843
39307788
39305016
39288161
39274902
39270755
39265583
39262133
39261991
39260688
39261167
39256753
39249855
39248056
39230212
39224813
39218140
39203524
39205470
39205410
39203452
39200902
39200122
39198269
39196996
39190671
39189224
39070281
39181072
39180504
39177582
39177479
39177410
39177352
39174517
39164676
39163401
39150527
39148171
39144540
39141816
39132972
39120638
39120503
39112587
39100889
39099747
39096847
39090705
39082497
39081112
39072603
39060043
39058235
39053682
39048623
39047950
39047035
39043341
39023053
39033872
39033770
39033572
39027836
39014373
39012623
38991866
39007467
38998113
38995960
38995803
38994480
38993883
38992141
38987484
38972839
38972643
38968876
38963813
38960223
38959549
38950054
38949408
38947614
38945521
38934339
38930670
38929106
38927793
38921682
38918686
38915139
38914818
38914127
38910167
38909319
38907512
38906160
38905550
38905257
38904754
38904618
38898004
38896988
38891797
38887771
38889091
38887558
38885705
38869378
38867750
38863565
38861628
38851755
38850801
38848209
38847706
38832211
38824483
38823530
38821233
38819267
38819217
38816936
38811276
38810793
38800579
38798866
38798933
38794932
38790204
38784543
38782122
38781564
38781467
38775190
38772143
38771425
38761746
38742494
38738494
38732651
38725972
38723810
38719781
38718271
38707153
38700949
38695409
38693915
38693617
38692409
38690606
38689280
38689291
38679344
38678351
38675908
38670580
38656560
38653501
38652210
38637028
38634662
38629960
38629964
38629574
38624789
38622155
38620350
38615966
38612315
38611868
38611616
38611430
38611312
38609695
38609202
38606650
38606869
38605914
38601965
38601949
38601624
38592166
38585934
38581556
38576373
38559820
38558030
38547284
38547270
38538471
38536471
38536429
38517827
38509716
38502900
38500848
38491089
38486327
38486232
38480470
38477215
38472616
38472523
38472339
38472122
38469252
38462241
38459011
38457753
38456366
38456428
38453733
38439449
38438366
38438276
38437851
38435330
38425870
38425400
38421762
38414643
38410970
38375787
38372592
38371426
38369701
38362595
38359826
38362079
38361637
38356285
38356452
38348190
38341745
38341858
38332436
38328701
38328568
38328155
38326685
38323500
38323240
38319930
38319030
38305371
38305390
38304920
38301168
38297643
38291282
38289120
38286594
38284693
38279958
38280131
38272523
38268057
38249469
38247400
38244640
38226588
38220807
38220612
38219723
38220110
38216253
38206074
38201316
38200187
38200025
38194105
38193149
38189534
38186420
38183399
38182083
38180670
38180753
38177554
38175917
38156259
38153131
38152110
38148044
38133887
38128111
38125757
38125844
38125542
38122196
38120320
38116684
38104038
38098807
38095760
38093696
38078294
38074533
38074478
38074337
38071095
38069637
38055233
38056829
38051499
38048537
38042487
38038422
38033024
38033121
38029111
38015163
38014170
38006998
38004595
38004527
38004356
37998126
37989798
37981600
37981626
37975949
37969534
37961773
37953753
37951256
37950920
37947659
37945249
37944982
37943015
37942348
37940444
37929997
37926597
37924492
37921543
37920108
37917568
37914174
37911892
37910349
37905798
37900424
37898190
37897749
37894198
37892859
37891896
37876334
37876105
37874732
37873606
37873404
37873294
37873255
37872631
37872602
37865033
37863044
37858378
37857392
37849394
37848948
37848740
37847943
37846070
37845191
37841022
37839173
37835954
37831820
37829752
37821422
37814069
37813738
37813758
37811957
37811161
37809850
37808859
37808245
37802121
37791156
37791194
37773579
37773499
37771109
37769327
37755203
37747056
37745225
37744576
37741489
37740105
37738109
37738036
37738057
37732810
37726300
37722479
37720843
37718977
37716728
37707443
37703244
37703859
37702379
37702477
37702551
37700768
37698975
37699140
37696982
37693941
37695170
37692587
37684570
37676977
37676718
37676189
37675425
37675156
37672698
37670947
37666867
37666828
37664350
37663822
37658676
37658384
37658049
37656764
37642632
37640687
37635443
37624578
37624610
37623668
37618440
37621812
37621748
37610918
37611189
37609740
37609451
37608189
37607762
37606230
37606216
37606088
37605334
37605294
37605259
37604310
37596218
37594301
37594084
37582832
37576667
37571092
33074787
37566912
37562038
37557878
37557830
37553159
37552071
37543910
37540891
37540581
37533186
37525017
37514314
37513744
37513700
37505445
37496349
37493616
37482803
37478784
37478545
37473293
37472999
37470477
37462067
37457768
37457632
37456535
37455657
37449704
37449626
37438880
37435348
37432626
37428278
37427163
37423977
37426102
37423887
37423866
37415900
37414952
37415032
37411066
37405883
37401267
37400834
37399795
37398776
37397495
37391501
37391795
37385267
37383761
37382031
37379681
37359864
37359830
37353971
37349796
37346843
37346575
37346487
37344764
37341320
37338073
37337246
37337182
37337148
37336991
37329879
37329138
37328927
37325258
37325162
37324761
37324945
37318065
37319941
37324481
37316477
37316456
37316054
37315313
37314886
37314362
37313454
37313425
37312072
37311361
37295636
37294488
37294338
37294068
37293340
37293161
37292615
37289358
37288813
37288599
37288550
37288518
37288463
37280655
37278317
37273467
37273397
37271716
37270687
37270565
37270372
37269250
37269336
37265136
37261286
37253553
37251717
37245485
37241244
37241086
37239716
37231695
37229412
37226548
37226494
37225051
37222933
37223012
37222028
37215043
37209675
37209521
37202319
37200239
37200188
37199891
37199417
37198928
37193590
37184320
37183964
37183846
37181394
37178211
37177379
37173981
37169118
37168494
37164329
37159114
37158837
37158607
37158460
37158123
37157807
37157129
37156418
37155476
37153329
37152036
37151913
37151720
37151689
37144284
37137946
37135643
37134159
37130898
37132339
37128634
37127862
37127719
37125361
37122459
37111235
37122454
37119636
37116859
37115043
37113768
37112820
37111753
37108664
37108139
37107262
37105988
37100505
37100477
37100345
37091417
37087192
37086756
37074447
37070005
37069228
37062652
37062546
37050755
37045449
37037572
37019523
37035577
37033247
37032751
37032540
37028479
37018562
37017787
37017694
37017427
37016925
37015912
37015727
37015295
37012257
37011456
37011151
37003937
37000465
36999040
36995776
36995257
36994672
36994681
36995004
36994625
36993967
36994406
36994428
36992522
36989219
36985551
36979876
36978728
36977914
36977985
36977087
36975742
36976689
36974475
36974421
36973535
36956032
36945671
36933395
36932951
36932219
36931606
36929011
36928781
36928623
36927992
36926630
36926477
36923443
36923093
36916705
36916292
36916006
36915840
36915641
36915333
36908230
36906769
36906492
36906624
36906883
36905472
36904468
36896325
36891913
36885918
36883426
36883482
36881865
36881753
36879061
36877820
36869744
36868950
36868924
36867946
36862762
36862016
36861875
36860442
36859365
36859019
36856156
36856025
36856059
36855537
36852724
36835907
36816958
36805382
36805108
36803740
36787289
36796265
36796086
36786537
36788182
36779211
36779130
36768846
36765771
36763944
36758680
36753587
36749242
36747378
36746506
36745181
36742303
36739420
36735414
36728924
36726359
36719030
36717566
36717423
36717302
36717044
36716966
36716533
36716418
36716364
36716286
36716160
36716026
36715917
36715860
36715802
36713814
36713680
36713079
36707742
36702155
36701638
36689882
36660324
36656944
36653989
36650528
36648131
36648067
36647014
36636374
36629135
36628723
36626509
36625467
36622219
36622114
36621926
36621793
36621722
36613683
36599030
36598727
36594886
36593848
36593252
36587915
36587730
36587758
36586285
36580181
36579544
36579590
36578078
36577449
36577137
36575787
36576193
36569258
36567689
36564587
36564575
36561543
36560553
36556535
36551526
36551385
36549152
36547827
36546623
36544535
36540946
36540201
36535072
36524174
36524142
36521294
36518168
36508846
36505200
36505292
36504335
36495434
36492498
36492117
36492279
36489870
36488450
36477057
36465486
36461790
36457361
36451330
36451161
36449159
36446320
36430485
36422260
36412858
36405893
36391967
36389575
36378139
36372990
36371094
36365330
36351538
36350997
36348890
36338517
36333388
36327267
36319936
36319812
36319760
36312813
36304098
36303939
36301213
36297826
36297873
36292473
36291039
36282913
36281664
36281383
36280877
36277205
36268642
36268426
36267870
36267824
36266454
36266288
36262915
36258630
36257679
36255792
36241972
36241367
36233173
36215103
36212623
36203261
36201165
36184699
36167171
36153297
36152360
36152157
36141997
36138005
36134036
36133278
36120900
36109271
36097866
36096830
36096048
36091512
36080315
36078575
36072533
36071127
36071048
36067575
36020095
36063792
36060609
36060409
36059781
36058631
36057472
36048100
36037115
36030202
36025921
36025362
36024612
36009985
36008819
36000412
35994484
35992424
35987803
35984606
35984421
35983641
35975712
35974614
35970846
35966663
35964121
35954901
35954570
35952759
35945879
35942611
35939683
35927850
35923888
35921553
35918732
35902024
35901464
35895861
35890457
35889290
35889102
35854391
35844060
35842940
35841099
35840751
35829399
35821833
35818817
35815089
35809589
35801496
35795948
35792475
35792360
35782060
35774848
35774485
35772563
35772300
35771793
35771838
35765511
35755226
35747507
29215064
35731913
35726700
35720763
35716334
35702098
35689203
35687132
35683448
35664497
35661311
35660166
35655813
35653948
35650995
35637697
35624574
35624674
35614380
35610006
35607540
35607643
35603646
35599871
35592585
35587471
35582757
35570451
35556627
35555725
35555604
35531602
35523550
35493599
35492795
35470790
35468033
35467903
32989474
35464406
35462031
35451920
35445402
35436564
35435344
35422701
35419234
35414731
35411058
35399221
35398829
35384381
35388296
35383326
35379054
35371012
35367283
35361944
35360035
35361598
35360918
35360479
35354940
35348021
35343561
35338470
35309829
35309653
35309971
35280635
35266689
35230145
35209588
35209437
35208705
2128662
35178621
35178196
35177709
35170386
35169349
35156245
35146354
35069794
35113592
35107911
35107677
35075163
35074309
35074884
35075004
35074582
35074448
35060338
35055611
35052343
35051288
35040811
35037866
35029709
35029410
35026368
35025290
35016108
35008098
35007034
34993768
34987748
34984236
34974674
34971471
34971359
34964252
34953770
34943277
34937455
34933248
34928560
34925922
34914036
34912443
34910915
34903578
34901747
34901633
34901908
34900710
34894993
34886629
34885626
34875028
34874138
34868448
34866136
34860347
34858771
34839437
34823610
34812503
34807564
34792844
34790889
34786837
34783447
34772445
34770920
34760665
34760014
34758063
34749777
34745952
34737857
34737740
34728008
34723107
34712664
34712693
34712646
34668649
34645545
34640923
34637045
34636872
34612416
34605073
34604733
34597252
34570281
34568297
34560914
34560883
34560532
34560398
34559108
34553581
34553566
34553514
34553488
34553466
34553432
34553411
34553367
34553336
34553238
34553155
34553100
34553142
34553068
34552980
34553031
34552995
34552969
34552952
34551106
34550703
34550487
34550443
34550267
34549521
34540435
34540259
34540212
34540149
34540043
34540025
34540003
34539879
34539851
34539754
34539659
34539368
34539401
34539303
34539250
34539189
34538485
34531328
34522349
34499569
34497671
34490144
34474996
34471647
34470186
34438203
34421586
34387738
34380091
34364325
34352879
34343435
34339412
34320716
34305961
34291637
34290169
34282207
34281018
34270397
34265200
34254554
34230530
34220208
34201539
34191133
34184213
34180078
34169912
34136186
34131438
34131328
34117482
34115597
34087749
34072438
34072338
34072097
34071916
34071824
34069671
34062774
34055479
34051191
34039754
34025415
34024013
33991408
34013444
33999850
33987151
33983178
33979237
33976044
33975903
33974552
33972622
33971078
33969122
33938147
33934855
33891448
33883854
33882998
33879682
33869734
33865174
33857782
33852167
33849509
33830560
33816057
33809348
33805675
33785309
33782397
33771051
33765922
33760106
33756323
33753924
33746219
33744009
33737429
33735689
33724371
33592959
33592992
33715692
33714133
33706813
33702069
33701875
33701601
33686755
33682555
33678065
33667252
33665712
33661366
22447193
33643751
33636204
33627837
33611893
33598297
33567741
33567826
33567965
33567889
33559272
33559309
33559339
33552185
33551890
33551452
33549310
33538694
33531661
33524842
33523442
33507106
33501998
33497252
33490366
33490319
33483930
33483614
33477965
33459705
33455726
33450335
33423939
33423774
33423206
33422822
33421491
33404411
33399409
33391323
33378373
33377824
33378479
33378060
33376197
33370485
33357927
33358203
33357896
33356804
33351356
33344815
33321697
33320519
33314980
33315006
33291770
33287891
33277506
33272397
33249571
33243693
33244068
33242963
33240616
33239462
33238852
33219622
33212983
33206887
33205347
33201833
33201512
33198604
33179178
33177978
33176190
33171911
33147272
33144703
33125532
33111444
33101728
33091285
33091006
33090900
33078606
33077611
33076048
33071199
33066100
33048832
33020314
32961848
32996565
32994701
32994628
32991272
32990139
32982151
32964444
32951540
32949659
32948570
32929392
32924713
32907920
32904561
32903559
32903648
32900905
32883417
32852812
32823053
32816584
32814610
32811699
32804711
32800986
32778321
32760863
32582484
32708329
32664863
32674418
32654871
32656743
32640328
32625571
32622016
32600430
32597814
32578988
32575015
32555434
32542139
32540058
32539741
32525379
32523687
32519978
32518884
32494052
32478221
32477899
32453688
32442995
32431847
32431649
32420132
32365221
32355346
32343654
32315058
32308535
32307766
32299300
32292185
32292215
32247568
32238904
32237792
32216574
32172652
32161673
32160461
32154347
32134420
32118100
32129052
20061339
32089325
32033033
32003516
32000918
31993634
31954002
31933026
31879782
31862005
31854210
31826843
31823996
31805288
31802491
31798822
31786875
31772918
31712225
31688769
31680302
31676310
31668759
31658223
31628339
31607026
31596457
31596461
31594726
31594578
31577916
31569097
31567798
31554946
31535207
31500631
31498407
31490381
31488031
31463086
31431543
31421726
31420143
31403693
31397611
31375352
31349622
31334010
31294250
31285394
31270316
31263443
31244649
31215676
31204104
31186357
31174786
31164917
31150181
31125563
31117468
31109283
31105930
31090261
31088258
31064251
31053766
30532206
31006643
31004069
30963193
30959173
30949898
30930247
30919025
30913161
30906912
30894313
30886230
30858143
30853011
30846856
30828162
30782435
30783239
30780644
30758465
30728954
30730845
30730892
30722176
30715478
30713888
30674006
30692250
30691308
30691394
30665129
30652853
30648102
30638950
30627862
30618683
30614605
30588109
30579164
30575143
30570316
30530622
30518808
30496789
30496809
30482841
30469775
30459408
30439891
30397721
30381340
30380693
30377595
30377662
30375916
30374414
30357202
30345397
30315327
30300594
30232651
30232151
30192730
30178697
30178634
30171875
30156744
30156821
30152754
30120009
30034825
29986725
29986392
29978166
29976734
29969673
29949048
29939808
29887126
29882395
29828533
29792084
29776152
29774595
29771043
29758811
29749849
29747133
29741740
29737244
29725791
29725516
29724505
29705232
29700354
29699774
29675402
29666459
29663138
29649704
29649670
29630915
29623339
29613408
29606406
29554801
29538683
29507246
29505430
29504886
29472423
29466182
29464196
29435464
29420448
29417794
29383604
29382144
29377006
29355620
29352567
29348026
29335891
29324781
25389732
29310957
29301598
29269329
29269358
29269406
29255693
29252621
29252996
29242273
29217776
29208640
27246048
29201006
29198930
29198723
29182618
29180134
29168226
29166029
29165651
29158216
29153934
29138634
29128234
29112868
29099536
29044959
29039458
29032916
28967646
28962866
28950000
28946250
28929111
28941478
28918976
28897306
28916384
28910102
28898222
28871647
28869392
28856380
28854884
28841437
28818255
28814146
28789453
28788330
28769856
28766949
28751109
28751090
28751068
28751040
28751130
28750966
28750949
28750917
28750897
28750788
28750881
28750866
28750841
28750817
28743393
28743153
28734603
28734067
28733664
28727218
28725681
28724184
28722435
28720073
28708159
28680103
28191034
28675617
28675919
28676772
28676053
28624596
28620576
28618866
28595194
28591419
28589621
28587752
28587617
28586889
28584144
28552316
28552245
28552285
28546542
28544089
28540309
28539024
28514489
28516872
28515318
28514616
28512007
28512053
28506391
28499310
28499110
28493293
28467102
28462932
28457898
28455748
28448281
28443422
28439488
28439425
28438063
28429444
28423678
28413349
28411597
28401997
28400846
28398724
28395637
28373278
28370064
28367327
28366908
28361143
28348950
28346440
28346559
28332409
28328229
28322109
28307996
28305580
28303775
28283675
28281290
28280195
28247963
28235211
28235589
28218040
28214067
28214373
28213991
28213623
28214622
28196460
28183863
28173366
28167210
28160048
28153719
28151218
28145869
28142390
28133515
28132059
28132478
28123706
28102907
28088896
28091701
28087853
28086150
28068132
28067189
28059538
28037182
28004515
27966430
27958637
27955645
629373
629368
27947492
27946165
27941193
27940435
27934448
27924290
27894400
27894425
27891337
27891342
27893258
27892540
27890466
780841
27883922
27869030
27861339
27856219
27845760
27839989
27836737
27823551
27821798
27818712
27812237
27803687
27803118
27801013
27797596
27705540
27705895
27676275
27665248
27636276
27451537
27451596
27602336
27593881
27582397
27576396
27556663
27549911
27530984
27530912
27530809
27521885
27508668
27507226
174488
27489633
27463637
27466355
27462469
27462431
27462418
27462398
27462358
27462316
27462285
27462232
27462001
27461987
27461965
27461949
27461906
27461839
27461831
27461824
27460660
27454867
27453369
27444633
27431626
27431264
27431052
27430430
27430405
27428467
27401322
27400542
27388432
27383670
27370015
27363265
27340899
27340922
27321530
27318909
27306230
27302202
27301147
27297528
27285184
27284541
27275573
27274274
27274590
27268804
27239354
27238867
27225066
27206724
27189838
27180180
27170655
27152063
27149002
27149150
27140997
27139885
27126789
27089921
27087409
27087505
27084429
27049613
27039892
27040031
27032482
27033087
27019049
27014940
27006619
26987426
26984932
26984942
26983738
26976652
26976711
26956118
26953462
26941819
26936678
26919043
26869908
26859437
26858481
26805546
26802072
26788281
26784079
26754666
26734012
26716871
26690357
26681531
26681443
26679502
26676644
26662380
26655216
26654283
26650933
26628540
26623284
26623175
26611887
26591823
26584544
26579522
26533447
26493226
26474578
26463070
26457342
26451506
26421909
26412758
26395830
26368593
26351731
26348703
26269648
26247268
26215526
26160461
26144755
26126125
26123636
26090633
26088012
26087252
26080283
26068765
26068652
26049852
26044789
26037293
25983274
25966374
25961208
25961323
25960147
25941179
25939166
25939120
25935133
25933183
25839719
25832531
25824540
25817465
25814802
25799541
25799127
25799355
25792832
25774948
25763131
25716415
25707372
25694031
25670258
25634899
25623300
25553968
25533690
25470972
25451748
25441913
25413614
25390865
25413528
25409623
25344277
25331963
25331810
25321584
25318530
25289362
25215009
25213825
25207800
25207382
25207316
25190298
25172395
25172071
25168629
25150536
25147721
25147766
25147261
25131563
25110271
25095348
25095377
25073730
25063715
25045055
25044653
25023626
25013566
24974229
24963543
24963485
24927146
24927483
24916970
24864617
24856125
24836981
24836154
24817657
24813817
24791926
24776653
24776373
24772835
24738966
24710462
24702591
24693615
24689890
24687729
24611723
24590466
24583086
24581838
24568680
24563109
24555829
13901553
24539971
24537945
24534927
24517840
24515482
24510282
24476502
24443072
24380059
24380099
24380088
24380030
24380115
24369679
24349550
24343131
24306910
24285404
24284890
24241903
24199761
24192660
24191821
24170423
24167545
24166650
24166797
24166727
24154983
24152798
24145128
24131730
24127025
24102986
24025174
24019565
24019545
24019487
24019452
24019423
24019385
24019232
24019197
24019038
24018986
24018942
24018889
24003078
23999803
23999393
23947320
23924006
23920564
23920415
23920365
23920327
23920231
23920157
23919931
23920116
23891260
23849950
23848741
23803904
23773611
23772703
23771663
23756650
23734022
23745707
23717244
23702957
23668784
23668650
23661245
23624652
23619151
23613043
23599996
23599946
23574782
23529927
23514010
23445114
23445052
23437149
23396462
23396397
23393748
23353972
23330846
23316258
23298424
22624203
23286072
23282991
23260987
23241703
23219350
23160506
23096278
23096154
23090018
23068447
23062223
23012363
22995418
22965785
22947844
22925988
22914388
22913559
22869782
22789736
22768393
22738716
22690347
22669202
22648379
22637646
22623594
22595726
22518976
22516257
22494590
22468892
22442505
22366397
22355377
22355277
22348366
22341025
22334499
22326546
22324804
22307359
22266491
22187510
22180829
22157864
22129223
22120786
22100953
22100865
22085847
22071864
22053422
22044013
22003087
22000347
13946662
21983072
21980246
21960879
21956963
21955293
21944550
21944350
21944400
21929266
21929203
21926144
19342473
21863615
21812522
21769124
21748016
21746102
21740321
21635523
21634641
21628961
21612445
21611484
21611845
21568333
21568084
21558829
21540812
21535180
21534414
21497969
21490794
21487213
21438786
21438831
21422339
21420941
21419163
21392968
21375388
21300725
21267681
21240028
21194263
21171133
21169158
21151822
21099049
21072811
21063717
21045247
21035117
21034909
21022657
20986412
20963583
20950819
20928037
20928262
20927814
20864853
20851095
20825753
20827145
20809944
20792556
20768305
20766382
20695272
20694978
20688801
20687406
20649772
20625566
20625431
20596734
20591774
20591883
20556353
20556058
20527387
20521136
20500013
20495608
20478812
20475618
20461142
20455747
20446353
20444171
20423340
20419875
20408441
20403456
20366844
20353711
20352208
20307814
20307850
20298848
20296945
20254607
20228509
20211708
20213279
20198924
20177815
20147996
20137392
20135507
20133705
20108487
20100258
20064955
20039936
20039867
20028223
20023488
20021314
20019082
19991637
19991546
19978232
19959001
19928155
19892153
19891769
19778443
19776743
19766057
19745652
19733631
19725518
19722185
19711032
19668135
19648180
19646062
19642983
19501656
19482543
147306
19354029
19353360
19293471
19293547
19261529
19252326
19251207
19250731
19250819
19250639
19250341
19249750
19159949
19154375
19145022
19144725
19137993
19096644
19059227
19057132
19024280
19021597
18965926
18965400
18963649
18937556
18934272
18931388
18926218
18921515
18906556
18875956
18853407
18803801
18755309
18748992
18743500
18743412
18743339
18741343
18732485
18707803
18544099
18541149
18524674
18519296
18497548
18484526
18433927
18424217
18410101
18384987
18382829
18382404
18370705
18365114
18364343
18338197
18290241
18258074
18221130
18155783
18054223
18051593
18050244
18050614
18039407
18039340
18039362
18025454
18003511
18000099
17997854
17997756
17997714
17944975
17944461
17915202
17897001
17900309
17873306
17855294
17823687
17673505
17601067
17585416
17572750
17572551
17538475
17521999
17516914
17495805
17490731
17484125
17472712
17472829
17423509
17396982
17386381
17379209
17363286
17353424
17341395
17221644
17093785
17093462
17092052
16997690
16876900
16707457
16655141
3832836
16501093
16493843
16453107
16427835
16160697
16046215
16017458
16016057
15861549
15712441
15776853
15730117
15729724
15726174
15540384
15306241
15294913
15281634
15249602
15234921
15176792
15101731
15101711
15101675
14918403
14893137
14844234
14844312
14771122
14550346
14373711
12029018
14183662
14130714
14028883
14026196
13846140
13836761
13632411
13552213
13195913
12902232
12901520
12870456
12725546
12541875
12528246
12372474
12312359
12311961
12235605
12145878
12045344
11877417
11877471
11877533
11861533
11515649
11385901
11381172
11281701
11228541
11103230
11068861
10930982
10930338
10861178
10783865
10695449
10579606
10535366
9755957
9438072
9273187
9238641
4368164
8454512
7618457
6771733
6771677
6367524
6115652
5482151
5722847
5685861
4100976
5451592
5426849
5364417
5263191
5100732
5022306
4913039
4869399
2512532
4760217
236738
2172166
4362135
4515240
687646
686232
686239
4499514
4374074
2402421
4478222
4466544
4452125
403225
4421360
4428490
4394180
4379317
4360259
4336773
385250
4283268
4283454
4250822
4228438
4129767
4131610
4044292
4110956
4044799
4037798
4032629
4000373
3987345
3996293
3977957
3961118
3953000
3897592
3884895
3879682
3801051
3815172
3820687
3589810
3809392
3794274
3661626
3766816
3612227
3691802
3677048
3642514
3666784
3654546
928041
3567540
3543441
3490276
3464591
351734
3428572
3429727
3428471
464030
3304686
2984157
3328159
3323171
3257253
3190271
3210044
3130138
3089976
3086692
3074794
3066709
3062904
3056107
3029922
3016272
737546
2994183
2989864
2983624
2973135
2979232
2945281
2961044
2891985
2908106
2898668
2890857
2891947
2890879
2863169
1687858
2862729
1905345
1911594
2867763
2853805
2844638
935155
2837721
2804969
2800194
2795455
637015
2788458
2771122
2785778
2768636
2776404
2775783
2763132
2748393
2747857
483025
2726650
661501
2707407
2687424
1289794
2687340
2149572
2673169
2664797
2663163
2671055
2668068
2657662
2663984
1962105
1651780
1991351
2634868
2634820
2617022
583541
1524616
2604801
2586973
2598099
2500648
2590076
2590280
2579807
2537648
2528150
2586324
2559322
2565209
2550366
2544886
2536447
2482836
2488567
2462128
1476476
1808507
2423300
2397257
2111211
2393056
2368370
2345491
2324460
2316414
2300183
2303304
2298762
2223298
58648
2004301
885221
622947
933039
1369702
1658378
2068506
2166185
2187949
2216069
278133
2196807
2196694
2190147
2194419
2191672
2185586
2180254
2167294
2162238
2047986
1459800
1886672
1590015
1594455
441635
479152
580047
1780815
1737913
1055528
1589932
2058983
2032536
2002210
1997952
1997720
65853
1985065
1944513
1944575
1944059
1919652
1612852
1853067
122968
1796912
1783503
1695933
1597922
1620302
1590669
1312370
1482911
1469909
1454462
1385250
1344168
1402708
1403859
654237
136878
310689
1319915
1279853
1135265
1260651
1114483
1111180
1049381
1019117
1000918
926413
898562
831671
867021
860324
811904
807262
791498
800607
796159
719327
291281
727665
721660
716718
706084
707287
706543
704414
698737
697791
696233
608623
691403
687616
686684
686508
685827
684093
681967
680719
680685
675246
676696
678553
678523
678417
678392
674309
671472
664535
659683
658865
659001
658902
656374
654336
654222
645749
648493
643705
639667
638780
638040
637749
637669
630898
630242
630133
622176
614457
611774
611645
611666
608418
608131
604580
602541
602123
601598
600431
599869
597032
594866
593438
584173
584595
580347
579854
579470
579091
575623
574139
572063
568397
567109
565744
566107
565339
559746
558875
552209
547332
506632
531974
531948
527308
525753
525390
515943
513547
510486
508515
491808
494409
494307
494262
434301
434181
481406
474443
473913
469157
467589
458911
452169
458563
458238
455719
455402
451304
449248
379362
445673
445584
444491
442432
437068
423167
423042
421117
420606
413793
411187
407300
406725
404056
402812
402740
401483
391997
282759
387544
380891
349874
360962
355651
338829
335109
308643
326281
319462
309759
280055
273332
292115
271544
271126
268622
264336
260883
255564
255562
242897
239829
236210
236162
212878
48524
203291
174542
167169
163064
160068
147128
151886
151909
151891
148323
140882
139084
128173
121954
121524
120983
4478
