291972
290725
290724
290707
289807
287900
287888
287501
286648
286226
286135
285664
285112
284659
283513
281937
278831
278462
277519
277133
276398
276397
275813
274542
274259
274214
274060
273940
273822
273702
273422
273374
273373
273372
273370
273210
273054
273053
272385
271926
271827
270915
270656
270602
270432
269955
269700
269312
269310
269308
269306
269304
269303
269248
268909
268910
266860
266569
266518
266157
265979
265975
260289
260245
260179
259889
259290
258939
258823
258822
258615
258493
258428
258380
258334
257754
257667
257642
256810
256582
254759
253562
253559
253007
253006
253005
233568
252539
252005
251959
251953
251688
251684
251614
251202
251195
251129
251128
251019
250513
250234
250226
250142
249871
249872
249699
249694
249692
249693
248529
248530
248504
248499
248343
247907
247682
247531
247479
247182
247155
245935
245682
245065
244746
238575
238135
233571
230906
229918
229407
229354
229353
229351
229350
229347
229349
229342
229341
229339
229340
229338
229337
229335
226441
222051
222049
222046
222043
222041
222038
222036
222031
222023
222022
222021
220882
220872
219871
219868
215805
210559
210557
202118
202084
198677
197726
180466
178837
178838
177238
174730
174332
173193
171158
171152
140892
107275
105897
93378
75433
62809
25735
55230
49889
50643
49465
41366
48893
48772
48765
48095
47805
47429
47281
46096
44413
43947
38286
36798
32381
30782
26225
21713
19327
3358
